12.966156005859375
13.54527473449707
12.033224105834961
13.79537582397461
14.979124069213867
13.974428176879883
13.635873794555664
14.56594467163086
15.624046325683594
14.389753341674805
13.173818588256836
11.348962783813477
15.999078750610352
15.17033576965332
12.166500091552734
11.668205261230469
12.639045715332031
16.704797744750977
14.094829559326172
13.970375061035156
13.897418975830078
12.66169548034668
13.120889663696289
12.742280960083008
13.550281524658203
12.44497299194336
13.371706008911133
13.213157653808594
15.022516250610352
12.036561965942383
14.361858367919922
11.822938919067383
13.531923294067383
12.957572937011719
12.535810470581055
17.29750633239746
15.03896713256836
12.548446655273438
12.532472610473633
14.929533004760742
10.716915130615234
15.560388565063477
19.286632537841797
14.618158340454102
19.34361457824707
17.08674430847168
19.175291061401367
20.140647888183594
19.826173782348633
16.164541244506836
13.457298278808594
15.03610610961914
13.824224472045898
17.186880111694336
13.533592224121094
15.44952392578125
14.891624450683594
14.583587646484375
12.283563613891602
14.039993286132812
14.268636703491211
13.570547103881836
16.540050506591797
11.529207229614258
17.11106300354004
14.059782028198242
16.481637954711914
14.64700698852539
15.600442886352539
18.015146255493164
15.075445175170898
17.706871032714844
12.547492980957031
15.630960464477539
13.00501823425293
15.697479248046875
13.021707534790039
12.020349502563477
16.635894775390625
18.64027976989746
14.54019546508789
17.669200897216797
11.590719223022461
14.448165893554688
17.314434051513672
13.99850845336914
16.1745548248291
13.52238655090332
15.769481658935547
20.01214027404785
13.331890106201172
17.644643783569336
13.281822204589844
12.735605239868164
16.040802001953125
17.6389217376709
17.024517059326172
16.075849533081055
15.4266357421875
15.587091445922852
15.360116958618164
14.463424682617188
14.21666145324707
12.770652770996094
11.924982070922852
15.325069427490234
12.498617172241211
14.313459396362305
12.532711029052734
12.676000595092773
12.305974960327148
13.171911239624023
11.726140975952148
12.547969818115234
15.247106552124023
12.044429779052734
14.542102813720703
15.420198440551758
15.931129455566406
12.032032012939453
13.963460922241211
14.250755310058594
15.059709548950195
12.739419937133789
13.129234313964844
12.442588806152344
15.027523040771484
13.535022735595703
12.802839279174805
13.546943664550781
9.518861770629883
13.290166854858398
12.024164199829102
13.31329345703125
10.878562927246094
14.071464538574219
13.536453247070312
12.601375579833984
13.036489486694336
11.536598205566406
12.02249526977539
13.088464736938477
12.276649475097656
17.4405574798584
18.812894821166992
22.061586380004883
18.498897552490234
14.899730682373047
14.031648635864258
15.726566314697266
15.243291854858398
18.525123596191406
14.042377471923828
13.795614242553711
12.829303741455078
13.738870620727539
12.594223022460938
12.528657913208008
15.347719192504883
13.713598251342773
18.378496170043945
13.320684432983398
12.518644332885742
13.569355010986328
18.13054084777832
12.717723846435547
15.20681381225586
13.549327850341797
17.004966735839844
12.067556381225586
12.68911361694336
13.753175735473633
14.800548553466797
15.795469284057617
14.530420303344727
14.83011245727539
15.625476837158203
14.748334884643555
18.6307430267334
13.629674911499023
14.081001281738281
14.10365104675293
14.568090438842773
14.049053192138672
12.612342834472656
12.274503707885742
15.17176628112793
13.83829116821289
15.77901840209961
14.330148696899414
13.949394226074219
13.525962829589844
13.221025466918945
14.457225799560547
16.17908477783203
16.637563705444336
14.11581039428711
14.054536819458008
14.51420783996582
14.966487884521484
15.74087142944336
13.632774353027344
13.573169708251953
15.239238739013672
14.645814895629883
13.046979904174805
13.541221618652344
15.307188034057617
14.842748641967773
13.619184494018555
15.080690383911133
14.701128005981445
17.04096794128418
16.738176345825195
13.043642044067383
14.800548553466797
14.511346817016602
15.70892333984375
13.243675231933594
13.293981552124023
14.53852653503418
11.520624160766602
13.98921012878418
14.434099197387695
11.755228042602539
15.69366455078125
13.030767440795898
16.7694091796875
12.393712997436523
15.312671661376953
14.02902603149414
14.10818099975586
12.99738883972168
14.02735710144043
16.561269760131836
19.14358139038086
11.08098030090332
14.731645584106445
14.52946662902832
16.179323196411133
17.64702796936035
15.211105346679688
14.199495315551758
15.034198760986328
15.07568359375
18.15342903137207
17.277956008911133
18.045902252197266
13.181209564208984
50.997018814086914
17.925739288330078
16.045808792114258
13.828754425048828
16.61515235900879
14.651298522949219
14.575004577636719
13.567447662353516
12.965202331542969
12.517452239990234
14.74452018737793
15.57016372680664
13.517618179321289
13.516426086425781
16.5407657623291
16.01386070251465
14.524221420288086
13.025283813476562
12.363910675048828
18.239736557006836
11.020660400390625
16.661882400512695
15.101909637451172
15.075922012329102
20.093202590942383
12.052536010742188
12.742280960083008
15.125036239624023
15.84768295288086
12.021303176879883
14.517784118652344
15.062808990478516
15.794038772583008
13.16380500793457
14.664411544799805
14.778375625610352
14.043807983398438
17.544031143188477
14.570951461791992
15.035152435302734
15.06352424621582
17.049074172973633
13.826847076416016
14.560222625732422
13.911247253417969
16.539335250854492
13.04769515991211
12.148618698120117
11.53254508972168
16.562461853027344
